{
 "cells": [
  {
   "cell_type": "code",
   "execution_count": 4,
   "metadata": {},
   "outputs": [],
   "source": [
    "import pandas as pd\n",
    "import numpy as np"
   ]
  },
  {
   "cell_type": "code",
   "execution_count": 5,
   "metadata": {},
   "outputs": [
    {
     "data": {
      "text/html": [
       "<div>\n",
       "<style scoped>\n",
       "    .dataframe tbody tr th:only-of-type {\n",
       "        vertical-align: middle;\n",
       "    }\n",
       "\n",
       "    .dataframe tbody tr th {\n",
       "        vertical-align: top;\n",
       "    }\n",
       "\n",
       "    .dataframe thead th {\n",
       "        text-align: right;\n",
       "    }\n",
       "</style>\n",
       "<table border=\"1\" class=\"dataframe\">\n",
       "  <thead>\n",
       "    <tr style=\"text-align: right;\">\n",
       "      <th></th>\n",
       "      <th>Player</th>\n",
       "      <th>Year Start</th>\n",
       "      <th>Year Ended</th>\n",
       "      <th>Position</th>\n",
       "      <th>Height</th>\n",
       "      <th>Weight</th>\n",
       "      <th>Birth Day</th>\n",
       "      <th>College</th>\n",
       "      <th>Games Played</th>\n",
       "      <th>Shots Made</th>\n",
       "      <th>Shots Attempted</th>\n",
       "      <th>Total Rebounds</th>\n",
       "      <th>Assist</th>\n",
       "      <th>Steals</th>\n",
       "      <th>Blocks</th>\n",
       "      <th>Points</th>\n",
       "    </tr>\n",
       "  </thead>\n",
       "  <tbody>\n",
       "    <tr>\n",
       "      <th>0</th>\n",
       "      <td>Alaa Abdelnaby</td>\n",
       "      <td>1991</td>\n",
       "      <td>1995</td>\n",
       "      <td>F-C</td>\n",
       "      <td>6-10</td>\n",
       "      <td>240.0</td>\n",
       "      <td>June 24, 1968</td>\n",
       "      <td>Duke University</td>\n",
       "      <td>385.0</td>\n",
       "      <td>983.0</td>\n",
       "      <td>1940.0</td>\n",
       "      <td>1297.0</td>\n",
       "      <td>125.0</td>\n",
       "      <td>111.0</td>\n",
       "      <td>107.0</td>\n",
       "      <td>2299.0</td>\n",
       "    </tr>\n",
       "    <tr>\n",
       "      <th>1</th>\n",
       "      <td>Zaid Abdul-Aziz</td>\n",
       "      <td>1969</td>\n",
       "      <td>1978</td>\n",
       "      <td>C-F</td>\n",
       "      <td>6-9</td>\n",
       "      <td>235.0</td>\n",
       "      <td>April 7, 1946</td>\n",
       "      <td>Iowa State University</td>\n",
       "      <td>570.0</td>\n",
       "      <td>1936.0</td>\n",
       "      <td>4588.0</td>\n",
       "      <td>4524.0</td>\n",
       "      <td>648.0</td>\n",
       "      <td>134.0</td>\n",
       "      <td>208.0</td>\n",
       "      <td>4978.0</td>\n",
       "    </tr>\n",
       "    <tr>\n",
       "      <th>2</th>\n",
       "      <td>Kareem Abdul-Jabbar</td>\n",
       "      <td>1970</td>\n",
       "      <td>1989</td>\n",
       "      <td>C</td>\n",
       "      <td>7-2</td>\n",
       "      <td>225.0</td>\n",
       "      <td>April 16, 1947</td>\n",
       "      <td>University of California, Los Angeles</td>\n",
       "      <td>1560.0</td>\n",
       "      <td>15837.0</td>\n",
       "      <td>28307.0</td>\n",
       "      <td>17440.0</td>\n",
       "      <td>5660.0</td>\n",
       "      <td>1160.0</td>\n",
       "      <td>3189.0</td>\n",
       "      <td>38387.0</td>\n",
       "    </tr>\n",
       "    <tr>\n",
       "      <th>3</th>\n",
       "      <td>Mahmoud Abdul-Rauf</td>\n",
       "      <td>1991</td>\n",
       "      <td>2001</td>\n",
       "      <td>G</td>\n",
       "      <td>6-1</td>\n",
       "      <td>162.0</td>\n",
       "      <td>March 9, 1969</td>\n",
       "      <td>Louisiana State University</td>\n",
       "      <td>586.0</td>\n",
       "      <td>3514.0</td>\n",
       "      <td>7943.0</td>\n",
       "      <td>1087.0</td>\n",
       "      <td>2079.0</td>\n",
       "      <td>487.0</td>\n",
       "      <td>46.0</td>\n",
       "      <td>8553.0</td>\n",
       "    </tr>\n",
       "    <tr>\n",
       "      <th>4</th>\n",
       "      <td>Tariq Abdul-Wahad</td>\n",
       "      <td>1998</td>\n",
       "      <td>2003</td>\n",
       "      <td>F</td>\n",
       "      <td>6-6</td>\n",
       "      <td>223.0</td>\n",
       "      <td>November 3, 1974</td>\n",
       "      <td>San Jose State University</td>\n",
       "      <td>321.0</td>\n",
       "      <td>1049.0</td>\n",
       "      <td>2519.0</td>\n",
       "      <td>1151.0</td>\n",
       "      <td>388.0</td>\n",
       "      <td>263.0</td>\n",
       "      <td>121.0</td>\n",
       "      <td>2662.0</td>\n",
       "    </tr>\n",
       "  </tbody>\n",
       "</table>\n",
       "</div>"
      ],
      "text/plain": [
       "                Player  Year Start  Year Ended Position Height  Weight  \\\n",
       "0       Alaa Abdelnaby        1991        1995      F-C   6-10   240.0   \n",
       "1      Zaid Abdul-Aziz        1969        1978      C-F    6-9   235.0   \n",
       "2  Kareem Abdul-Jabbar        1970        1989        C    7-2   225.0   \n",
       "3   Mahmoud Abdul-Rauf        1991        2001        G    6-1   162.0   \n",
       "4    Tariq Abdul-Wahad        1998        2003        F    6-6   223.0   \n",
       "\n",
       "          Birth Day                                College  Games Played  \\\n",
       "0     June 24, 1968                        Duke University         385.0   \n",
       "1     April 7, 1946                  Iowa State University         570.0   \n",
       "2    April 16, 1947  University of California, Los Angeles        1560.0   \n",
       "3     March 9, 1969             Louisiana State University         586.0   \n",
       "4  November 3, 1974              San Jose State University         321.0   \n",
       "\n",
       "   Shots Made  Shots Attempted  Total Rebounds  Assist  Steals  Blocks  \\\n",
       "0       983.0           1940.0          1297.0   125.0   111.0   107.0   \n",
       "1      1936.0           4588.0          4524.0   648.0   134.0   208.0   \n",
       "2     15837.0          28307.0         17440.0  5660.0  1160.0  3189.0   \n",
       "3      3514.0           7943.0          1087.0  2079.0   487.0    46.0   \n",
       "4      1049.0           2519.0          1151.0   388.0   263.0   121.0   \n",
       "\n",
       "    Points  \n",
       "0   2299.0  \n",
       "1   4978.0  \n",
       "2  38387.0  \n",
       "3   8553.0  \n",
       "4   2662.0  "
      ]
     },
     "execution_count": 5,
     "metadata": {},
     "output_type": "execute_result"
    }
   ],
   "source": [
    "#Read CSV and Create dataframe\n",
    "file = 'cleandataETL.csv'\n",
    "df = pd.read_csv(file)\n",
    "df.head()"
   ]
  },
  {
   "cell_type": "code",
   "execution_count": 6,
   "metadata": {},
   "outputs": [
    {
     "data": {
      "text/html": [
       "<div>\n",
       "<style scoped>\n",
       "    .dataframe tbody tr th:only-of-type {\n",
       "        vertical-align: middle;\n",
       "    }\n",
       "\n",
       "    .dataframe tbody tr th {\n",
       "        vertical-align: top;\n",
       "    }\n",
       "\n",
       "    .dataframe thead th {\n",
       "        text-align: right;\n",
       "    }\n",
       "</style>\n",
       "<table border=\"1\" class=\"dataframe\">\n",
       "  <thead>\n",
       "    <tr style=\"text-align: right;\">\n",
       "      <th></th>\n",
       "      <th>Year Start</th>\n",
       "      <th>Year Ended</th>\n",
       "      <th>Weight</th>\n",
       "      <th>Games Played</th>\n",
       "      <th>Shots Made</th>\n",
       "      <th>Shots Attempted</th>\n",
       "      <th>Total Rebounds</th>\n",
       "      <th>Assist</th>\n",
       "      <th>Steals</th>\n",
       "      <th>Blocks</th>\n",
       "      <th>Points</th>\n",
       "    </tr>\n",
       "  </thead>\n",
       "  <tbody>\n",
       "    <tr>\n",
       "      <th>Year Start</th>\n",
       "      <td>1.000000</td>\n",
       "      <td>0.974565</td>\n",
       "      <td>0.316316</td>\n",
       "      <td>0.010819</td>\n",
       "      <td>-0.030309</td>\n",
       "      <td>-0.042218</td>\n",
       "      <td>-0.051735</td>\n",
       "      <td>-0.017746</td>\n",
       "      <td>0.146511</td>\n",
       "      <td>0.102872</td>\n",
       "      <td>-0.024544</td>\n",
       "    </tr>\n",
       "    <tr>\n",
       "      <th>Year Ended</th>\n",
       "      <td>0.974565</td>\n",
       "      <td>1.000000</td>\n",
       "      <td>0.324659</td>\n",
       "      <td>0.213414</td>\n",
       "      <td>0.146974</td>\n",
       "      <td>0.136752</td>\n",
       "      <td>0.115909</td>\n",
       "      <td>0.133999</td>\n",
       "      <td>0.302594</td>\n",
       "      <td>0.219166</td>\n",
       "      <td>0.152754</td>\n",
       "    </tr>\n",
       "    <tr>\n",
       "      <th>Weight</th>\n",
       "      <td>0.316316</td>\n",
       "      <td>0.324659</td>\n",
       "      <td>1.000000</td>\n",
       "      <td>0.053869</td>\n",
       "      <td>0.030048</td>\n",
       "      <td>0.007314</td>\n",
       "      <td>0.221079</td>\n",
       "      <td>-0.173491</td>\n",
       "      <td>-0.048981</td>\n",
       "      <td>0.261374</td>\n",
       "      <td>0.024621</td>\n",
       "    </tr>\n",
       "    <tr>\n",
       "      <th>Games Played</th>\n",
       "      <td>0.010819</td>\n",
       "      <td>0.213414</td>\n",
       "      <td>0.053869</td>\n",
       "      <td>1.000000</td>\n",
       "      <td>0.885171</td>\n",
       "      <td>0.891661</td>\n",
       "      <td>0.821902</td>\n",
       "      <td>0.764508</td>\n",
       "      <td>0.800306</td>\n",
       "      <td>0.587557</td>\n",
       "      <td>0.883575</td>\n",
       "    </tr>\n",
       "    <tr>\n",
       "      <th>Shots Made</th>\n",
       "      <td>-0.030309</td>\n",
       "      <td>0.146974</td>\n",
       "      <td>0.030048</td>\n",
       "      <td>0.885171</td>\n",
       "      <td>1.000000</td>\n",
       "      <td>0.994993</td>\n",
       "      <td>0.835973</td>\n",
       "      <td>0.796722</td>\n",
       "      <td>0.784674</td>\n",
       "      <td>0.547992</td>\n",
       "      <td>0.996850</td>\n",
       "    </tr>\n",
       "    <tr>\n",
       "      <th>Shots Attempted</th>\n",
       "      <td>-0.042218</td>\n",
       "      <td>0.136752</td>\n",
       "      <td>0.007314</td>\n",
       "      <td>0.891661</td>\n",
       "      <td>0.994993</td>\n",
       "      <td>1.000000</td>\n",
       "      <td>0.821656</td>\n",
       "      <td>0.812611</td>\n",
       "      <td>0.783733</td>\n",
       "      <td>0.514146</td>\n",
       "      <td>0.994669</td>\n",
       "    </tr>\n",
       "    <tr>\n",
       "      <th>Total Rebounds</th>\n",
       "      <td>-0.051735</td>\n",
       "      <td>0.115909</td>\n",
       "      <td>0.221079</td>\n",
       "      <td>0.821902</td>\n",
       "      <td>0.835973</td>\n",
       "      <td>0.821656</td>\n",
       "      <td>1.000000</td>\n",
       "      <td>0.562766</td>\n",
       "      <td>0.600066</td>\n",
       "      <td>0.686364</td>\n",
       "      <td>0.828435</td>\n",
       "    </tr>\n",
       "    <tr>\n",
       "      <th>Assist</th>\n",
       "      <td>-0.017746</td>\n",
       "      <td>0.133999</td>\n",
       "      <td>-0.173491</td>\n",
       "      <td>0.764508</td>\n",
       "      <td>0.796722</td>\n",
       "      <td>0.812611</td>\n",
       "      <td>0.562766</td>\n",
       "      <td>1.000000</td>\n",
       "      <td>0.817771</td>\n",
       "      <td>0.291211</td>\n",
       "      <td>0.806518</td>\n",
       "    </tr>\n",
       "    <tr>\n",
       "      <th>Steals</th>\n",
       "      <td>0.146511</td>\n",
       "      <td>0.302594</td>\n",
       "      <td>-0.048981</td>\n",
       "      <td>0.800306</td>\n",
       "      <td>0.784674</td>\n",
       "      <td>0.783733</td>\n",
       "      <td>0.600066</td>\n",
       "      <td>0.817771</td>\n",
       "      <td>1.000000</td>\n",
       "      <td>0.508521</td>\n",
       "      <td>0.788460</td>\n",
       "    </tr>\n",
       "    <tr>\n",
       "      <th>Blocks</th>\n",
       "      <td>0.102872</td>\n",
       "      <td>0.219166</td>\n",
       "      <td>0.261374</td>\n",
       "      <td>0.587557</td>\n",
       "      <td>0.547992</td>\n",
       "      <td>0.514146</td>\n",
       "      <td>0.686364</td>\n",
       "      <td>0.291211</td>\n",
       "      <td>0.508521</td>\n",
       "      <td>1.000000</td>\n",
       "      <td>0.536000</td>\n",
       "    </tr>\n",
       "    <tr>\n",
       "      <th>Points</th>\n",
       "      <td>-0.024544</td>\n",
       "      <td>0.152754</td>\n",
       "      <td>0.024621</td>\n",
       "      <td>0.883575</td>\n",
       "      <td>0.996850</td>\n",
       "      <td>0.994669</td>\n",
       "      <td>0.828435</td>\n",
       "      <td>0.806518</td>\n",
       "      <td>0.788460</td>\n",
       "      <td>0.536000</td>\n",
       "      <td>1.000000</td>\n",
       "    </tr>\n",
       "  </tbody>\n",
       "</table>\n",
       "</div>"
      ],
      "text/plain": [
       "                 Year Start  Year Ended    Weight  Games Played  Shots Made  \\\n",
       "Year Start         1.000000    0.974565  0.316316      0.010819   -0.030309   \n",
       "Year Ended         0.974565    1.000000  0.324659      0.213414    0.146974   \n",
       "Weight             0.316316    0.324659  1.000000      0.053869    0.030048   \n",
       "Games Played       0.010819    0.213414  0.053869      1.000000    0.885171   \n",
       "Shots Made        -0.030309    0.146974  0.030048      0.885171    1.000000   \n",
       "Shots Attempted   -0.042218    0.136752  0.007314      0.891661    0.994993   \n",
       "Total Rebounds    -0.051735    0.115909  0.221079      0.821902    0.835973   \n",
       "Assist            -0.017746    0.133999 -0.173491      0.764508    0.796722   \n",
       "Steals             0.146511    0.302594 -0.048981      0.800306    0.784674   \n",
       "Blocks             0.102872    0.219166  0.261374      0.587557    0.547992   \n",
       "Points            -0.024544    0.152754  0.024621      0.883575    0.996850   \n",
       "\n",
       "                 Shots Attempted  Total Rebounds    Assist    Steals  \\\n",
       "Year Start             -0.042218       -0.051735 -0.017746  0.146511   \n",
       "Year Ended              0.136752        0.115909  0.133999  0.302594   \n",
       "Weight                  0.007314        0.221079 -0.173491 -0.048981   \n",
       "Games Played            0.891661        0.821902  0.764508  0.800306   \n",
       "Shots Made              0.994993        0.835973  0.796722  0.784674   \n",
       "Shots Attempted         1.000000        0.821656  0.812611  0.783733   \n",
       "Total Rebounds          0.821656        1.000000  0.562766  0.600066   \n",
       "Assist                  0.812611        0.562766  1.000000  0.817771   \n",
       "Steals                  0.783733        0.600066  0.817771  1.000000   \n",
       "Blocks                  0.514146        0.686364  0.291211  0.508521   \n",
       "Points                  0.994669        0.828435  0.806518  0.788460   \n",
       "\n",
       "                   Blocks    Points  \n",
       "Year Start       0.102872 -0.024544  \n",
       "Year Ended       0.219166  0.152754  \n",
       "Weight           0.261374  0.024621  \n",
       "Games Played     0.587557  0.883575  \n",
       "Shots Made       0.547992  0.996850  \n",
       "Shots Attempted  0.514146  0.994669  \n",
       "Total Rebounds   0.686364  0.828435  \n",
       "Assist           0.291211  0.806518  \n",
       "Steals           0.508521  0.788460  \n",
       "Blocks           1.000000  0.536000  \n",
       "Points           0.536000  1.000000  "
      ]
     },
     "execution_count": 6,
     "metadata": {},
     "output_type": "execute_result"
    }
   ],
   "source": [
    "#Analysis of data i.e correlations \n",
    "df.corr(method='pearson')"
   ]
  }
 ],
 "metadata": {
  "kernelspec": {
   "display_name": "Python 3",
   "language": "python",
   "name": "python3"
  },
  "language_info": {
   "codemirror_mode": {
    "name": "ipython",
    "version": 3
   },
   "file_extension": ".py",
   "mimetype": "text/x-python",
   "name": "python",
   "nbconvert_exporter": "python",
   "pygments_lexer": "ipython3",
   "version": "3.7.1"
  }
 },
 "nbformat": 4,
 "nbformat_minor": 2
}
